*     Vertical elliptical culvert section example using *CS records
*234567890123456789012345678901234567890123456789012345678901234567890
CV   EX01 10.,0.,41.,6.05,6.28,1
*CS       -3.5,10.05  -3.473,9.55  -3.389,9.05 -3.21,8.456
*CS       -3.031,8.05 -2.882,7.779 -2.732,7.55 -2.315,7.05 -1.694,6.55 
*CS       -1.218,6.3  -0.778,6.15  -0.389,6.075   0.,6.05   0.389,6.075 
*CS        0.778,6.15  1.218,6.3   1.694,6.55  2.315,7.05  2.732,7.55  
*CS        2.882,7.779 3.031,8.05  3.21,8.456  3.389,9.05    
*CS        3.473,9.55  3.5,10.05   3.473,10.55 3.389,11.05 
*CS        3.21,11.644 3.031,12.05 2.882,12.321 2.732,12.55 2.315,13.05  
*CS        1.694,13.55 1.218,13.8  0.778,13.95  0.389,14.025    
*CS        0,14.05    -0.389,14.025 -0.778,13.95 -1.218,13.8  -1.694,13.55  
*CS       -2.315,13.05 -2.732,12.55 -2.882,12.321 -3.031,12.05  
*CS       -3.21,11.644 -3.389,11.05 -3.473,10.55 -3.5,10.05
*CF       6
*CX       8.14
*CQ       20., 21.5, 22.5, 25.
*CN       0.015
*PD       0.   20.0 1.0
XS   AP01 57.4
GR        0.,9. 0.,6.4 1.,6.6 2.,6.6 3.,6.5 5.,6.5 6.,6.7 7.,7
GR        8.,8.1 10.,9.
N         0.025
EX
